1
C:\Charith\Dropbox\Research\development\exalgo\tests\halide_tests\output_tests_x86\halide_blur_test.exe
1160000
func-2160-25-1
2160,71,1,1,34b3,1,0,1,34b3,1,0,
21a0,7,69,2,2160,1,21a0,68,0,0,0,
21a7,27,1,1,21a0,1,0,0,1,363e,1,
21c2,21,1,1,364e,1,0,0,0,
21d0,7,69,2,21c2,1,21d0,68,0,0,0,
21d7,12,1,1,21d0,1,0,0,0,
21e3,10,1,1,21d7,1,0,1,21d7,1,1,35e4,1,
21ed,6,1,1,35e4,1,0,0,0,
21f3,23,1,1,21ed,1,0,0,1,361a,1,
220a,11,1,1,361a,1,0,0,0,
2217,19,1,1,220a,1,0,0,1,360e,1,
222a,4,1,1,360e,1,0,0,0,
2231,19,1,1,222a,1,0,0,1,3614,1,
2244,4,1,1,3614,1,0,0,0,
224b,20,1,1,2244,1,0,0,1,2e10,1,
225f,38,1,1,2eca,1,0,0,0,
2285,26,1,1,225f,1,0,0,0,
2295,10,29,1,231f,29,0,0,0,
229f,52,30,2,2285,1,2295,29,0,0,1,3626,30,
22c0,19,870,1,22dc,870,0,0,1,3626,870,
22d3,4,900,1,3626,900,0,0,0,
22dc,67,900,1,22d3,900,0,0,0,
231f,33,30,1,22dc,30,0,0,0,
2340,8,1,1,231f,1,0,0,1,2680,1,
2348,21,1,1,26a0,1,0,0,0,
